1.510000000000000000e+02 1.990000000000000000e+02 2.460000000000000000e+02 2.830000000000000000e+02 3.200000000000000000e+02
1.450000000000000000e+02 1.990000000000000000e+02 2.490000000000000000e+02 2.930000000000000000e+02 3.540000000000000000e+02
1.470000000000000000e+02 2.140000000000000000e+02 2.630000000000000000e+02 3.120000000000000000e+02 3.280000000000000000e+02
1.550000000000000000e+02 2.000000000000000000e+02 2.370000000000000000e+02 2.720000000000000000e+02 2.970000000000000000e+02
1.350000000000000000e+02 1.880000000000000000e+02 2.300000000000000000e+02 2.800000000000000000e+02 3.230000000000000000e+02
1.590000000000000000e+02 2.100000000000000000e+02 2.520000000000000000e+02 2.980000000000000000e+02 nan
1.410000000000000000e+02 1.890000000000000000e+02 2.310000000000000000e+02 2.750000000000000000e+02 nan
1.590000000000000000e+02 2.010000000000000000e+02 2.480000000000000000e+02 2.970000000000000000e+02 nan
1.770000000000000000e+02 2.360000000000000000e+02 2.850000000000000000e+02 3.500000000000000000e+02 nan
1.340000000000000000e+02 1.820000000000000000e+02 2.200000000000000000e+02 2.600000000000000000e+02 nan
1.600000000000000000e+02 2.080000000000000000e+02 2.610000000000000000e+02 3.130000000000000000e+02 nan
1.430000000000000000e+02 1.880000000000000000e+02 2.200000000000000000e+02 nan nan
1.540000000000000000e+02 2.000000000000000000e+02 2.440000000000000000e+02 nan nan
1.710000000000000000e+02 2.210000000000000000e+02 2.700000000000000000e+02 nan nan
1.630000000000000000e+02 2.160000000000000000e+02 2.420000000000000000e+02 nan nan
1.600000000000000000e+02 2.070000000000000000e+02 2.480000000000000000e+02 nan nan
1.420000000000000000e+02 1.870000000000000000e+02 2.340000000000000000e+02 nan nan
1.560000000000000000e+02 2.030000000000000000e+02 2.430000000000000000e+02 nan nan
1.570000000000000000e+02 2.120000000000000000e+02 2.590000000000000000e+02 nan nan
1.520000000000000000e+02 2.030000000000000000e+02 2.460000000000000000e+02 nan nan
1.540000000000000000e+02 2.050000000000000000e+02 2.530000000000000000e+02 nan nan
1.390000000000000000e+02 1.900000000000000000e+02 nan nan nan
1.460000000000000000e+02 1.910000000000000000e+02 nan nan nan
1.570000000000000000e+02 2.110000000000000000e+02 nan nan nan
1.320000000000000000e+02 1.850000000000000000e+02 nan nan nan
1.600000000000000000e+02 nan nan nan nan
1.690000000000000000e+02 nan nan nan nan
1.570000000000000000e+02 nan nan nan nan
1.370000000000000000e+02 nan nan nan nan
1.530000000000000000e+02 nan nan nan nan
