1.000000000000000000e+00 0.000000000000000000e+00 1.700000000000000000e+01
1.000000000000000000e+00 0.000000000000000000e+00 4.200000000000000000e+01
1.000000000000000000e+00 0.000000000000000000e+00 4.400000000000000000e+01
1.000000000000000000e+00 0.000000000000000000e+00 4.800000000000000000e+01
1.000000000000000000e+00 0.000000000000000000e+00 6.000000000000000000e+01
1.000000000000000000e+00 0.000000000000000000e+00 7.200000000000000000e+01
1.000000000000000000e+00 0.000000000000000000e+00 7.400000000000000000e+01
1.000000000000000000e+00 0.000000000000000000e+00 9.500000000000000000e+01
1.000000000000000000e+00 0.000000000000000000e+00 1.030000000000000000e+02
1.000000000000000000e+00 0.000000000000000000e+00 1.080000000000000000e+02
1.000000000000000000e+00 0.000000000000000000e+00 1.220000000000000000e+02
1.000000000000000000e+00 0.000000000000000000e+00 1.440000000000000000e+02
1.000000000000000000e+00 0.000000000000000000e+00 1.670000000000000000e+02
1.000000000000000000e+00 0.000000000000000000e+00 1.700000000000000000e+02
1.000000000000000000e+00 0.000000000000000000e+00 1.830000000000000000e+02
1.000000000000000000e+00 0.000000000000000000e+00 1.850000000000000000e+02
1.000000000000000000e+00 0.000000000000000000e+00 1.930000000000000000e+02
1.000000000000000000e+00 0.000000000000000000e+00 1.950000000000000000e+02
1.000000000000000000e+00 0.000000000000000000e+00 1.970000000000000000e+02
1.000000000000000000e+00 0.000000000000000000e+00 2.080000000000000000e+02
1.000000000000000000e+00 0.000000000000000000e+00 2.340000000000000000e+02
1.000000000000000000e+00 0.000000000000000000e+00 2.350000000000000000e+02
1.000000000000000000e+00 0.000000000000000000e+00 2.540000000000000000e+02
1.000000000000000000e+00 0.000000000000000000e+00 3.070000000000000000e+02
1.000000000000000000e+00 0.000000000000000000e+00 3.150000000000000000e+02
1.000000000000000000e+00 0.000000000000000000e+00 4.010000000000000000e+02
1.000000000000000000e+00 0.000000000000000000e+00 4.450000000000000000e+02
1.000000000000000000e+00 0.000000000000000000e+00 4.640000000000000000e+02
1.000000000000000000e+00 0.000000000000000000e+00 4.840000000000000000e+02
1.000000000000000000e+00 0.000000000000000000e+00 5.280000000000000000e+02
1.000000000000000000e+00 0.000000000000000000e+00 5.420000000000000000e+02
1.000000000000000000e+00 0.000000000000000000e+00 5.670000000000000000e+02
1.000000000000000000e+00 0.000000000000000000e+00 5.770000000000000000e+02
1.000000000000000000e+00 0.000000000000000000e+00 5.800000000000000000e+02
1.000000000000000000e+00 0.000000000000000000e+00 7.950000000000000000e+02
1.000000000000000000e+00 0.000000000000000000e+00 8.550000000000000000e+02
1.000000000000000000e+00 8.820000000000000000e+02 nan
1.000000000000000000e+00 8.920000000000000000e+02 nan
1.000000000000000000e+00 1.031000000000000000e+03 nan
1.000000000000000000e+00 1.033000000000000000e+03 nan
1.000000000000000000e+00 1.306000000000000000e+03 nan
1.000000000000000000e+00 1.335000000000000000e+03 nan
1.000000000000000000e+00 0.000000000000000000e+00 1.366000000000000000e+03
1.000000000000000000e+00 1.452000000000000000e+03 nan
1.000000000000000000e+00 1.472000000000000000e+03 nan
0.000000000000000000e+00 0.000000000000000000e+00 1.000000000000000000e+00
0.000000000000000000e+00 0.000000000000000000e+00 6.300000000000000000e+01
0.000000000000000000e+00 0.000000000000000000e+00 1.050000000000000000e+02
0.000000000000000000e+00 0.000000000000000000e+00 1.290000000000000000e+02
0.000000000000000000e+00 0.000000000000000000e+00 1.820000000000000000e+02
0.000000000000000000e+00 0.000000000000000000e+00 2.160000000000000000e+02
0.000000000000000000e+00 0.000000000000000000e+00 2.500000000000000000e+02
0.000000000000000000e+00 0.000000000000000000e+00 2.620000000000000000e+02
0.000000000000000000e+00 0.000000000000000000e+00 3.010000000000000000e+02
0.000000000000000000e+00 0.000000000000000000e+00 3.010000000000000000e+02
0.000000000000000000e+00 0.000000000000000000e+00 3.420000000000000000e+02
0.000000000000000000e+00 0.000000000000000000e+00 3.540000000000000000e+02
0.000000000000000000e+00 0.000000000000000000e+00 3.560000000000000000e+02
0.000000000000000000e+00 0.000000000000000000e+00 3.580000000000000000e+02
0.000000000000000000e+00 0.000000000000000000e+00 3.800000000000000000e+02
0.000000000000000000e+00 3.810000000000000000e+02 nan
0.000000000000000000e+00 0.000000000000000000e+00 3.830000000000000000e+02
0.000000000000000000e+00 0.000000000000000000e+00 3.830000000000000000e+02
0.000000000000000000e+00 0.000000000000000000e+00 3.880000000000000000e+02
0.000000000000000000e+00 0.000000000000000000e+00 3.940000000000000000e+02
0.000000000000000000e+00 0.000000000000000000e+00 4.080000000000000000e+02
0.000000000000000000e+00 0.000000000000000000e+00 4.600000000000000000e+02
0.000000000000000000e+00 0.000000000000000000e+00 4.890000000000000000e+02
0.000000000000000000e+00 0.000000000000000000e+00 4.990000000000000000e+02
0.000000000000000000e+00 0.000000000000000000e+00 5.240000000000000000e+02
0.000000000000000000e+00 5.290000000000000000e+02 nan
0.000000000000000000e+00 0.000000000000000000e+00 5.350000000000000000e+02
0.000000000000000000e+00 0.000000000000000000e+00 5.620000000000000000e+02
0.000000000000000000e+00 0.000000000000000000e+00 6.750000000000000000e+02
0.000000000000000000e+00 0.000000000000000000e+00 6.760000000000000000e+02
0.000000000000000000e+00 0.000000000000000000e+00 7.480000000000000000e+02
0.000000000000000000e+00 0.000000000000000000e+00 7.480000000000000000e+02
0.000000000000000000e+00 0.000000000000000000e+00 7.780000000000000000e+02
0.000000000000000000e+00 0.000000000000000000e+00 7.860000000000000000e+02
0.000000000000000000e+00 0.000000000000000000e+00 7.970000000000000000e+02
0.000000000000000000e+00 9.450000000000000000e+02 nan
0.000000000000000000e+00 0.000000000000000000e+00 9.550000000000000000e+02
0.000000000000000000e+00 0.000000000000000000e+00 9.680000000000000000e+02
0.000000000000000000e+00 1.180000000000000000e+03 nan
0.000000000000000000e+00 0.000000000000000000e+00 1.245000000000000000e+03
0.000000000000000000e+00 0.000000000000000000e+00 1.271000000000000000e+03
0.000000000000000000e+00 1.277000000000000000e+03 nan
0.000000000000000000e+00 1.397000000000000000e+03 nan
0.000000000000000000e+00 1.512000000000000000e+03 nan
0.000000000000000000e+00 1.519000000000000000e+03 nan
