1.007999999999999972e+02
8.159999999999999432e+01
6.650000000000000000e+01
3.479999999999999716e+01
3.060000000000000142e+01
7.000000000000000000e+00
1.980000000000000071e+01
9.250000000000000000e+01
1.544000000000000057e+02
1.259000000000000057e+02
8.479999999999999716e+01
6.809999999999999432e+01
3.850000000000000000e+01
2.280000000000000071e+01
1.019999999999999929e+01
2.410000000000000142e+01
8.290000000000000568e+01
1.320000000000000000e+02
1.309000000000000057e+02
1.180999999999999943e+02
8.990000000000000568e+01
6.659999999999999432e+01
6.000000000000000000e+01
4.689999999999999858e+01
4.100000000000000000e+01
2.130000000000000071e+01
1.600000000000000000e+01
6.400000000000000355e+00
4.099999999999999645e+00
6.799999999999999822e+00
1.450000000000000000e+01
3.400000000000000000e+01
4.500000000000000000e+01
4.310000000000000142e+01
4.750000000000000000e+01
4.220000000000000284e+01
2.810000000000000142e+01
1.009999999999999964e+01
8.099999999999999645e+00
2.500000000000000000e+00
0.000000000000000000e+00
1.399999999999999911e+00
5.000000000000000000e+00
1.219999999999999929e+01
1.390000000000000036e+01
3.539999999999999858e+01
4.579999999999999716e+01
4.110000000000000142e+01
3.039999999999999858e+01
2.389999999999999858e+01
1.569999999999999929e+01
6.599999999999999645e+00
4.000000000000000000e+00
1.800000000000000044e+00
8.500000000000000000e+00
1.660000000000000142e+01
3.629999999999999716e+01
4.970000000000000284e+01
6.250000000000000000e+01
6.700000000000000000e+01
7.100000000000000000e+01
4.779999999999999716e+01
2.750000000000000000e+01
8.500000000000000000e+00
1.319999999999999929e+01
5.689999999999999858e+01
1.215000000000000000e+02
1.383000000000000114e+02
1.032000000000000028e+02
8.579999999999999716e+01
6.320000000000000284e+01
3.679999999999999716e+01
2.419999999999999929e+01
1.069999999999999929e+01
1.500000000000000000e+01
4.010000000000000142e+01
6.150000000000000000e+01
9.850000000000000000e+01
1.242999999999999972e+02
9.590000000000000568e+01
6.650000000000000000e+01
6.450000000000000000e+01
5.420000000000000284e+01
3.900000000000000000e+01
2.060000000000000142e+01
6.700000000000000178e+00
4.299999999999999822e+00
2.280000000000000071e+01
5.479999999999999716e+01
9.379999999999999716e+01
9.570000000000000284e+01
7.720000000000000284e+01
5.910000000000000142e+01
4.400000000000000000e+01
4.700000000000000000e+01
3.050000000000000000e+01
1.630000000000000071e+01
7.299999999999999822e+00
3.729999999999999716e+01
7.390000000000000568e+01
